KSC 28.6145124 -80.694201 6.37101e6 -5
EDW 34.948717 -117.864213 6.37101e6 -8
NOR 32.943242 -106.419531 6.37101e6 -8
AAT 22.81153 5.45127 6372378.0 0
ACY 39.45774 -74.57538 6371031.0 -5
AHS -24.35717 31.05215 6371527.0 2
AMB -27.63463 152.71096 6371036.0 10
AML 16.73749 -22.94876 6371065.0 -2
ARL 59.65158 17.91863 6371047.0 1
AWG -51.60898 -69.31205 6371026.0 -5
BDA 32.36395 -64.67828 6371013.0 -4
BEJ 38.07877 -7.93242 6371202.0 -1
BEN 32.12446 -7.87794 6371439.0 -1
BYD 13.33789 -16.65219 6371035.0 -1
CBA 33.36758 -7.58784 6371207.0 -1
CEF 42.19075 -72.53588 6371083.0 -5
DDN -12.41461 130.88084 6371037.0 9
DNA 26.35632 127.76598 6371039.0 9
DOV 39.12844 -75.47464 6371017.0 -5
DYS 32.42051 -99.85483 6371555.0 -7
EDF 61.25168 -149.81480 6371067.0 -10
EDT 34.91140 -117.88773 6371711.0 -8
EIP -27.16492 -109.42173 6371074.0 -7
ESN 40.12740 32.99625 6371961.0 2
EST -33.39052 -70.78547 6371490.0 -5
FFA 51.68317 -1.79011 6371092.0 -0
FFO 39.82592 -84.04844 6371257.0 -6
FMH 41.65892 -70.53274 6371047.0 -5
FMI 43.52387 4.92316 6371031.0 0
FOK 40.84524 -72.62787 6371028.0 -5
GDV 27.93250 -15.38630 6371031.0 -1
GSA 35.53120 24.15106 6371151.0 2
GUA 13.58585 144.92873 6371188.0 10
GUS 40.64788 -86.15225 6371255.0 -6
HAO -18.07542 -140.94573 6371013.0 -9
HAW -7.96915 -14.39368 6371083.0 -1
HNL 21.30666 -157.92822 6371013.0 -11
IKF 63.97612 -22.62834 6371051.0 -2
ILM 34.27071 -77.89800 6371016.0 -5
INN 52.70124 -8.92520 6371019.0 -1
JDG -7.31329 72.41098 6371013.0 5
JTY 35.74878 139.34795 6371144.0 9
KBO 50.86794 7.14734 6371091.0 0
KIN -4.38532 15.44459 6371318.0 1
KKI 24.95437 46.68513 6371632.0 3
LAJ 38.76442 -27.09351 6371062.0 -2
LNK 40.84510 -96.76169 6371370.0 -6
LRB 6.23255 -10.36242 6371018.0 -1
MCF 27.84934 -82.52113 6371013.0 -6
MCO 28.43109 -81.32675 6371038.0 -5
MRN 37.17458 -5.61621 6371094.0 -0
MUO 43.04385 -115.87275 6371922.0 -8
MWH 47.20871 -119.31852 6371365.0 -8
MYR 33.67946 -78.92846 6371016.0 -5
NID 35.68560 -117.69682 6371693.0 -8
NKT 34.90388 -76.89758 6371016.0 -5
NKX 32.86841 -117.14575 6371147.0 -8
NTU 36.81134 -76.04479 6371016.0 -5
NZC 30.21775 -81.87395 6371033.0 -5
OOY 14.74129 -17.47834 6371032.0 -1
PBG 44.65100 -73.46820 6371070.0 -5
PEA -31.67348 116.01510 6371045.0 8
PMR 28.46757 -80.56657 6371013.0 -5
PSM 43.07707 -70.82248 6371037.0 -5
PTN -14.52184 132.37726 6371143.0 9
RCA 44.14496 -103.10338 6371995.0 -7
ROZ 36.64518 -6.34837 6371029.0 -0
VBG 34.73551 -120.58390 6371103.0 -8
WAK 19.28241 166.63684 6371014.0 11
WAL 37.93493 -75.47693 6371019.0 -5
YHZ 44.88118 -63.52019 6371148.0 -4
YJT 48.54466 -58.55036 6371025.0 -4
YNN 25.04237 -77.46498 6371014.0 -5
YQX 48.93766 -54.57652 6371146.0 -4
YYR 53.31887 -60.43908 6371057.0 -4
YYT 47.62385 -52.75245 6371147.0 -4
ZZA 41.67177 -1.06268 6371268.0 -0