AAT02 0.00000 0.00000 0.0 0.0
AAT20 0.00000 0.00000 0.0 0.0
ACY13 0.00000 0.00000 0.0 0.0
ACY31 0.00000 0.00000 0.0 0.0
AHS18 0.00000 0.00000 0.0 0.0
AHS36 0.00000 0.00000 0.0 0.0
AMB15 -27.62120 152.70557 26.0 159.0
AMB33 -27.64677 152.71669 26.0 339.0
AML01 0.00000 0.00000 0.0 0.0
AML19 0.00000 0.00000 0.0 0.0
ARL01 0.00000 0.00000 0.0 0.0
ARL19 0.00000 0.00000 0.0 0.0
AWG07 0.00000 0.00000 0.0 0.0
AWG25 0.00000 0.00000 0.0 0.0
BDA12 32.36677 -64.69478 3.0 102.0
BDA30 32.36126 -64.66413 3.0 282.0
BEJ01L 0.00000 0.00000 0.0 0.0
BEJ19R 0.00000 0.00000 0.0 0.0
BEN18 32.14116 -7.87932 429.0 176.0
BEN36 32.10638 -7.87645 429.0 356.0
BYD14 13.34851 -16.66475 25.0 131.0
BYD32 13.32727 -16.63964 25.0 311.0
CBA17 33.38365 -7.59336 197.0 164.0
CBA35 33.35151 -7.58232 197.0 344.0
CEF05 0.00000 0.00000 0.0 0.0
CEF23 0.00000 0.00000 0.0 0.0
DDN11 0.00000 0.00000 0.0 0.0
DDN29 0.00000 0.00000 0.0 0.0
DOV01 0.00000 0.00000 0.0 0.0
DOV14 0.00000 0.00000 0.0 0.0
DOV19 0.00000 0.00000 0.0 0.0
DOV32 0.00000 0.00000 0.0 0.0
DYS16 0.00000 0.00000 0.0 0.0
DYS34 0.00000 0.00000 0.0 0.0
EDF06 0.00000 0.00000 0.0 0.0
EDF24 0.00000 0.00000 0.0 0.0
EDT04L 34.90272 -117.90474 701.0 58.2
EDT22R 34.92008 -117.87071 701.0 238.2
EDW04 34.89599 -117.90211 698.0 58.2
EDW05R 34.94879 -117.86189 695.0 64.3
EDW15 34.96258 -117.86733 695.0 167.6
EDW17 34.93083 -117.83691 695.0 190.0
EDW18L 34.97600 -117.85335 695.0 199.2
EDW22 34.91627 -117.86235 698.0 238.2
EDW23L 34.96658 -117.81685 695.0 244.3
EDW33 34.91784 -117.85536 695.0 347.6
EDW35 34.89027 -117.84562 695.0 10.0
EDW36R 34.93706 -117.86985 695.0 19.2
EIP10 -27.15955 -109.43391 64.0 118.1
EIP28 -27.17115 -109.40950 64.0 298.1
ESN03R 0.00000 0.00000 0.0 0.0
ESN21L 0.00000 0.00000 0.0 0.0
FFA09 0.00000 0.00000 0.0 0.0
FFA27 0.00000 0.00000 0.0 0.0
FFO05L 0.00000 0.00000 0.0 0.0
FFO23R 0.00000 0.00000 0.0 0.0
FMH05 41.64989 -70.53002 37.0 38.0
FMH14 41.66722 -70.53798 37.0 127.0
FMH23 41.66718 -70.51191 37.0 218.0
FMH32 41.65155 -70.51013 37.0 307.0
FMI15 43.53709 4.91434 21.0 152.0
FMI33 43.50974 4.93440 21.0 332.0
FOK06 0.00000 0.00000 0.0 0.0
FOK24 0.00000 0.00000 0.0 0.0
GDV03L 0.00000 0.00000 0.0 0.0
GDV21R 0.00000 0.00000 0.0 0.0
GSA11 0.00000 0.00000 0.0 0.0
GSA29 0.00000 0.00000 0.0 0.0
GUA06L 0.00000 0.00000 0.0 0.0
GUA24R 0.00000 0.00000 0.0 0.0
GUS05 0.00000 0.00000 0.0 0.0
GUS23 0.00000 0.00000 0.0 0.0
HAO12 -18.06603 -140.95587 4.0 135.4
HAO30 -18.08383 -140.93753 4.0 315.4
HAW13 0.00000 0.00000 0.0 0.0
HAW31 0.00000 0.00000 0.0 0.0
HNL08R 0.00000 0.00000 0.0 0.0
HNL26L 0.00000 0.00000 0.0 0.0
IKF20 0.00000 0.00000 0.0 0.0
IKF29 0.00000 0.00000 0.0 0.0
ILM06 0.00000 0.00000 0.0 0.0
ILM24 0.00000 0.00000 0.0 0.0
INN06 52.69428 -8.93985 9.0 52.0
INN24 52.70903 -8.90870 9.0 232.0
JDG13 -7.30395 72.39631 3.0 122.0
JDG31 -7.32138 72.42444 3.0 302.0
JTY18 35.76383 139.34477 134.0 170.0
JTY36 35.73413 139.35119 134.0 350.0
KBO14L 50.87843 7.13220 81.0 138.0
KBO32R 50.85701 7.16275 81.0 318.0
KIN06 -4.39190 15.43488 308.0 58.0
KIN24 -4.37620 15.46009 308.0 238.0
KKI15R 0.00000 0.00000 0.0 0.0
KKI33L 0.00000 0.00000 0.0 0.0
KSC15 28.63275 -80.70603 3.0 150.3
KSC33 28.59702 -80.68266 3.0 330.3
LAJ15 38.76619 -27.10298 58.0 141.3
LAJ33 38.74294 -27.07911 58.0 321.3
LNK17R 0.00000 0.00000 0.0 0.0
LNK35L 0.00000 0.00000 0.0 0.0
LRB04 0.00000 0.00000 0.0 0.0
LRB22 0.00000 0.00000 0.0 0.0
MCF04 0.00000 0.00000 0.0 0.0
MCF22 0.00000 0.00000 0.0 0.0
MCO18R 0.00000 0.00000 0.0 0.0
MCO36L 0.00000 0.00000 0.0 0.0
MRN02 37.15933 -5.62290 84.0 20.0
MRN20 37.18954 -5.60910 84.0 200.0
MUO12 0.00000 0.00000 0.0 0.0
MUO30 0.00000 0.00000 0.0 0.0
MWH14L 0.00000 0.00000 0.0 0.0
MWH32R 0.00000 0.00000 0.0 0.0
MYR18 33.69222 -78.93158 6.0 168.0
MYR36 33.66674 -78.92511 6.0 348.0
NID03 0.00000 0.00000 0.0 0.0
NID21 0.00000 0.00000 0.0 0.0
NKT05R 0.00000 0.00000 0.0 0.0
NKT14L 0.00000 0.00000 0.0 0.0
NKT23R 0.00000 0.00000 0.0 0.0
NKT32L 0.00000 0.00000 0.0 0.0
NOR05 32.93289 -106.44742 1191.0 64.4
NOR17 32.96031 -106.41734 1191.0 187.2
NOR23 32.95067 -106.40330 1191.0 244.4
NOR35 32.91940 -106.42347 1191.0 7.2
NTU05L 0.00000 0.00000 0.0 0.0
NTU05R 0.00000 0.00000 0.0 0.0
NTU14L 0.00000 0.00000 0.0 0.0
NTU14R 0.00000 0.00000 0.0 0.0
NTU23L 0.00000 0.00000 0.0 0.0
NTU23R 0.00000 0.00000 0.0 0.0
NTU32L 0.00000 0.00000 0.0 0.0
NTU32R 0.00000 0.00000 0.0 0.0
NZC18L 0.00000 0.00000 0.0 0.0
NZC36R 0.00000 0.00000 0.0 0.0
OOY18 14.72789 -17.47677 22.0 173.0
OOY36 14.75466 -17.48016 22.0 353.0
PBG17 0.00000 0.00000 0.0 0.0
PBG35 0.00000 0.00000 0.0 0.0
PEA18L 0.00000 0.00000 0.0 0.0
PEA36R 0.00000 0.00000 0.0 0.0
PMR13 0.00000 0.00000 0.0 0.0
PMR31 0.00000 0.00000 0.0 0.0
PSM16 0.00000 0.00000 0.0 0.0
PSM34 0.00000 0.00000 0.0 0.0
PTN14 -14.51264 132.36901 133.0 139.0
PTN32 -14.53128 132.38574 133.0 319.0
RCA13 0.00000 0.00000 0.0 0.0
RCA31 0.00000 0.00000 0.0 0.0
VBG12 34.75060 -120.60126 93.0 136.5
VBG30 34.72059 -120.56705 93.0 316.5
WAK10 0.00000 0.00000 0.0 0.0
WAK28 0.00000 0.00000 0.0 0.0
WAL04 0.00000 0.00000 0.0 0.0
WAL10 0.00000 0.00000 0.0 0.0
WAL28 0.00000 0.00000 0.0 0.0
YHZ05 0.00000 0.00000 0.0 0.0
YHZ23 0.00000 0.00000 0.0 0.0
YHZ32 0.00000 0.00000 0.0 0.0
YJT09 0.00000 0.00000 0.0 0.0
YJT27 0.00000 0.00000 0.0 0.0
YNN14 0.00000 0.00000 0.0 0.0
YNN32 0.00000 0.00000 0.0 0.0
YQX03 48.92371 -54.56723 136.0 11.0
YQX21 48.94658 -54.56046 136.0 191.0
YQX31 48.94687 -54.55437 136.0 287.0
YYR08 0.00000 0.00000 0.0 0.0
YYR26 0.00000 0.00000 0.0 0.0
YYR34 0.00000 0.00000 0.0 0.0
YYT11 47.62316 -52.76584 136.0 86.0
YYT29 47.62441 -52.73948 136.0 266.0
ZZA12R 41.68012 -1.08207 258.0 120.0
ZZA30L 41.66341 -1.04330 258.0 300.0